34
NULL 0 Common 0
Joined 7 0,255,0,255,0,0,0,0,0,0 Latin 1 0 1 Joined	# Joined [4a 6f 69 6e 65 64 ]a
|Broken|0|1 f 0,255,0,255,0,0,0,0,0,0 Common 2 10 2 |Broken|0|1	# Broken
K 5 0,255,0,255,0,0,0,0,0,0 Latin 3 0 3 K	# K [4b ]A
A 5 0,255,0,255,0,0,0,0,0,0 Latin 4 0 4 A	# A [41 ]A
5 8 0,255,0,255,0,0,0,0,0,0 Common 5 2 5 5	# 5 [35 ]0
1 8 0,255,0,255,0,0,0,0,0,0 Common 6 2 6 1	# 1 [31 ]0
C 5 0,255,0,255,0,0,0,0,0,0 Latin 7 0 7 C	# C [43 ]A
6 8 0,255,0,255,0,0,0,0,0,0 Common 8 2 8 6	# 6 [36 ]0
3 8 0,255,0,255,0,0,0,0,0,0 Common 9 2 9 3	# 3 [33 ]0
7 8 0,255,0,255,0,0,0,0,0,0 Common 10 2 10 7	# 7 [37 ]0
Z 5 0,255,0,255,0,0,0,0,0,0 Latin 11 0 11 Z	# Z [5a ]A
2 8 0,255,0,255,0,0,0,0,0,0 Common 12 2 12 2	# 2 [32 ]0
T 5 0,255,0,255,0,0,0,0,0,0 Latin 13 0 13 T	# T [54 ]A
N 5 0,255,0,255,0,0,0,0,0,0 Latin 14 0 14 N	# N [4e ]A
0 8 0,255,0,255,0,0,0,0,0,0 Common 15 2 15 0	# 0 [30 ]0
S 5 0,255,0,255,0,0,0,0,0,0 Latin 16 0 16 S	# S [53 ]A
9 8 0,255,0,255,0,0,0,0,0,0 Common 17 2 17 9	# 9 [39 ]0
4 8 0,255,0,255,0,0,0,0,0,0 Common 18 2 18 4	# 4 [34 ]0
M 5 0,255,0,255,0,0,0,0,0,0 Latin 19 0 19 M	# M [4d ]A
R 5 0,255,0,255,0,0,0,0,0,0 Latin 20 0 20 R	# R [52 ]A
8 8 0,255,0,255,0,0,0,0,0,0 Common 21 2 21 8	# 8 [38 ]0
E 5 0,255,0,255,0,0,0,0,0,0 Latin 22 0 22 E	# E [45 ]A
L 5 0,255,0,255,0,0,0,0,0,0 Latin 23 0 23 L	# L [4c ]A
Y 5 0,255,0,255,0,0,0,0,0,0 Latin 24 0 24 Y	# Y [59 ]A
B 5 0,255,0,255,0,0,0,0,0,0 Latin 25 0 25 B	# B [42 ]A
Q 5 0,255,0,255,0,0,0,0,0,0 Latin 26 0 26 Q	# Q [51 ]A
D 5 0,255,0,255,0,0,0,0,0,0 Latin 27 0 27 D	# D [44 ]A
J 5 0,255,0,255,0,0,0,0,0,0 Latin 28 0 28 J	# J [4a ]A
P 5 0,255,0,255,0,0,0,0,0,0 Latin 29 0 29 P	# P [50 ]A
F 5 0,255,0,255,0,0,0,0,0,0 Latin 30 0 30 F	# F [46 ]A
G 5 0,255,0,255,0,0,0,0,0,0 Latin 31 0 31 G	# G [47 ]A
U 5 0,255,0,255,0,0,0,0,0,0 Latin 32 0 32 U	# U [55 ]A
H 5 0,255,0,255,0,0,0,0,0,0 Latin 33 0 33 H	# H [48 ]A
